46
322.516 228.18
356.875 252.109
370.444 256.05
377.937 253.295
379.385 244.535
373.592 232.349
353.949 215.384
323.656 204.701
290.061 203.603
274.969 211.75
267.899 229.509
270.245 252.826
279.707 270.414
287.518 269.613
291.307 252.021
288.581 233.594
279.995 221.241
261.932 211.151
219.312 205.528
208.556 198.268
212.705 187.398
247.134 154.424
271.146 144.515
305.786 141.71
326.262 145.381
369.433 159.595
416.691 168.173
418.87 172.342
410.917 187.488
444.997 256.646
451.937 285.144
453.0 311.682
449.885 329.598
442.565 345.956
431.122 360.148
407.573 379.632
403.027 389.334
409.236 391.922
435.522 384.926
450.045 384.56
492.573 402.372
496.649 400.878
486.107 378.164
463.952 347.008
437.239 318.428
409.025 294.579
