98
322.516 228.18
340.485 242.187
356.875 252.109
365.422 255.313
370.444 256.05
374.739 255.438
377.937 253.295
379.592 249.59
379.385 244.535
377.293 238.58
373.592 232.349
368.731 226.484
363.148 221.422
353.949 215.384
338.018 208.473
323.656 204.701
304.438 202.481
290.061 203.603
280.332 207.311
274.969 211.75
272.756 214.582
269.532 221.497
267.899 229.509
268.013 241.862
270.245 252.826
273.784 261.91
279.707 270.414
282.949 272.019
284.658 271.864
287.518 269.613
290.368 262.067
291.307 252.021
290.719 242.266
288.581 233.594
284.264 225.903
279.995 221.241
271.593 215.222
261.932 211.151
251.302 208.802
225.925 206.729
219.312 205.528
211.346 201.934
208.556 198.268
208.019 196.196
209.157 191.751
212.705 187.398
225.305 176.787
238.57 161.425
247.134 154.424
257.074 149.112
271.146 144.515
288.719 141.909
305.786 141.71
315.609 142.914
326.262 145.381
369.433 159.595
382.986 162.084
406.357 164.752
412.218 166.145
416.691 168.173
418.087 169.34
418.87 172.342
417.061 175.692
412.432 180.871
410.798 184.946
410.917 187.488
414.321 195.902
433.519 229.397
439.765 242.904
444.997 256.646
449.136 270.689
451.937 285.144
453.204 300.294
453.0 311.682
449.885 329.598
446.029 339.599
442.565 345.956
438.418 351.995
431.122 360.148
407.573 379.632
403.326 385.81
403.027 389.334
405.064 391.507
409.236 391.922
435.522 384.926
442.734 384.151
450.045 384.56
464.577 388.719
492.573 402.372
495.656 402.694
496.649 400.878
493.791 392.349
486.107 378.164
476.08 362.864
463.952 347.008
449.852 331.023
437.239 318.428
409.025 294.579
