339
322.516 228.18
323.42 228.935
325.113 230.331
327.521 232.297
330.39 234.589
333.627 237.117
337.014 239.671
340.485 242.187
343.931 244.563
347.321 246.767
350.615 248.768
353.813 250.552
356.875 252.109
359.858 253.431
362.654 254.501
365.422 255.313
367.927 255.831
370.444 256.05
372.609 255.918
374.739 255.438
376.431 254.558
377.937 253.295
378.945 251.626
379.592 249.59
379.711 247.202
379.385 244.535
378.526 241.609
377.293 238.58
375.513 235.387
373.592 232.349
371.078 229.206
368.731 226.484
365.75 223.676
363.148 221.422
359.966 219.094
357.163 217.256
353.949 215.384
350.964 213.83
347.756 212.298
344.609 210.942
341.335 209.652
338.018 208.473
334.556 207.381
331.046 206.39
327.316 205.489
323.656 204.701
319.7 204.005
316.009 203.441
311.988 202.978
308.358 202.668
304.438 202.481
300.873 202.469
297.126 202.624
293.614 202.996
290.061 203.603
286.679 204.499
283.398 205.712
280.332 207.311
277.487 209.292
274.969 211.75
272.756 214.582
270.972 217.906
269.532 221.497
268.551 225.461
267.899 229.509
267.651 233.709
267.681 237.817
268.013 241.862
268.563 245.711
269.321 249.378
270.245 252.826
271.309 256.063
272.508 259.093
273.784 261.91
275.202 264.499
276.612 266.825
278.218 268.813
279.707 270.414
281.441 271.486
282.949 272.019
284.658 271.864
286.063 271.088
287.518 269.613
288.645 267.58
289.655 265.005
290.368 262.067
290.892 258.823
291.183 255.471
291.307 252.021
291.254 248.681
291.072 245.366
290.719 242.266
290.221 239.225
289.515 236.39
288.581 233.594
287.425 230.967
285.916 228.335
284.264 225.903
282.126 223.419
279.995 221.241
277.291 218.983
274.716 217.127
271.593 215.222
268.614 213.726
265.233 212.268
261.932 211.151
258.411 210.154
254.906 209.405
251.302 208.802
247.689 208.362
244.009 208.028
240.366 207.782
236.62 207.56
233.044 207.355
229.304 207.07
225.925 206.729
222.358 206.197
219.312 205.528
216.185 204.576
213.662 203.416
211.346 201.934
209.649 200.245
208.556 198.268
208.019 196.196
208.408 193.936
209.157 191.751
210.898 189.493
212.705 187.398
215.267 185.282
217.648 183.258
220.377 181.177
222.84 179.031
225.305 176.787
227.599 174.362
229.731 171.89
231.926 169.215
233.954 166.639
236.31 163.912
238.57 161.425
241.301 158.879
244.009 156.629
247.134 154.424
250.278 152.493
253.665 150.689
257.074 149.112
260.575 147.7
264.085 146.476
267.615 145.416
271.146 144.515
274.678 143.757
278.214 143.13
281.73 142.621
285.27 142.219
288.719 141.909
292.265 141.692
295.564 141.55
299.111 141.511
302.235 141.545
305.786 141.71
308.849 141.967
312.422 142.383
315.609 142.914
319.218 143.609
322.622 144.426
326.262 145.381
329.829 146.442
333.477 147.599
337.105 148.828
340.744 150.107
344.375 151.416
348.001 152.733
351.628 154.036
355.234 155.302
358.866 156.513
362.404 157.641
366.047 158.68
369.433 159.595
373.078 160.403
376.271 161.068
379.9 161.637
382.986 162.084
386.574 162.474
389.704 162.8
393.224 163.121
396.461 163.441
399.878 163.811
403.125 164.218
406.357 164.752
409.388 165.326
412.218 166.145
414.667 166.98
416.691 168.173
418.087 169.34
418.856 170.87
418.87 172.342
418.256 174.024
417.061 175.692
415.54 177.354
413.917 179.184
412.432 180.871
411.378 182.981
410.798 184.946
410.917 187.488
411.542 189.958
412.773 192.934
414.321 195.902
416.192 199.162
418.169 202.43
420.231 205.801
422.28 209.173
424.3 212.558
426.266 215.935
428.173 219.307
430.018 222.673
431.8 226.035
433.519 229.397
435.175 232.762
436.768 236.133
438.298 239.512
439.765 242.904
441.169 246.31
442.509 249.736
443.784 253.172
444.997 256.646
446.137 260.096
447.216 263.632
448.204 267.069
449.136 270.689
449.954 274.117
450.719 277.837
451.357 281.325
451.937 285.144
452.391 288.769
452.772 292.651
453.034 296.412
453.204 300.294
453.255 304.104
453.191 307.923
453 311.682
452.677 315.393
452.211 319.043
451.596 322.627
450.823 326.148
449.885 329.598
448.777 332.995
447.491 336.311
446.029 339.599
444.383 342.783
442.565 345.956
440.57 348.989
438.418 351.995
436.112 354.826
433.676 357.58
431.122 360.148
428.475 362.603
425.756 364.902
422.989 367.102
420.209 369.204
417.44 371.279
414.744 373.296
412.144 375.399
409.741 377.416
407.573 379.632
405.734 381.653
404.332 383.906
403.326 385.81
402.997 387.814
403.027 389.334
403.915 390.687
405.064 391.507
407.068 391.944
409.236 391.922
412.048 391.5
414.955 390.788
418.212 389.831
421.52 388.774
424.963 387.662
428.44 386.619
431.961 385.661
435.522 384.926
439.103 384.364
442.734 384.151
446.371 384.155
450.045 384.56
453.702 385.186
457.363 386.161
460.984 387.321
464.577 388.719
468.116 390.245
471.608 391.898
475.036 393.618
478.401 395.37
481.655 397.111
484.787 398.749
487.69 400.263
490.329 401.448
492.573 402.372
494.368 402.712
495.656 402.694
496.393 401.964
496.649 400.878
496.411 399.177
495.828 397.209
494.912 394.858
493.791 392.349
492.481 389.658
491.046 386.883
489.495 384.027
487.848 381.119
486.107 378.164
484.276 375.169
482.357 372.138
480.351 369.074
478.258 365.982
476.08 362.864
473.819 359.724
471.474 356.564
469.047 353.39
466.54 350.203
463.952 347.008
461.285 343.808
458.541 340.606
455.72 337.405
452.823 334.21
449.852 331.023
446.807 327.848
443.689 324.689
440.5 321.548
437.239 318.428
433.914 315.337
430.515 312.272
427.097 309.272
423.617 306.309
420.281 303.527
416.983 300.854
414.158 298.588
411.651 296.624
409.981 295.316
409.025 294.579
